2 70904 988 1076 708 804 982 747 1464 1195 2202 1072 1038 859 1027 1258 492 762 582 857 716 690 304 794 677 608 654 260 250 193 718 568 711 637 482 272 324 659 598 473 213 269 203 1645 897 458 240 535 800 421 274 215 416 252 413 253 175 537 1279 9504 
4 65663 1253 2080 1055 1009 1254 548 2033 1196 2360 604 1228 951 587 611 159 1777 849 1137 485 464 192 941 1070 509 400 182 233 126 1837 915 1210 470 539 194 342 1114 480 456 198 214 163 2310 681 452 174 547 629 172 166 144 405 124 312 160 137 546 963 11594 
6 60741 1304 1625 707 861 1116 534 2209 1466 3387 976 1503 1042 817 1332 407 1356 732 969 688 658 269 775 830 519 505 189 309 268 1144 558 639 461 518 229 417 760 451 500 168 235 253 2057 901 466 228 872 944 460 179 226 478 199 421 277 254 984 2099 13132 
8 45899 1722 1906 1007 1277 1184 913 2019 1288 2228 893 1635 1084 784 958 341 1661 931 1195 708 607 262 1291 1064 722 650 277 310 388 1804 1049 1234 748 596 268 647 1146 801 750 293 338 394 2994 1126 601 351 1029 1057 397 283 403 571 273 662 302 387 963 2940 18993 
3 45954 2116 2066 946 1088 1416 901 1616 1174 3337 1464 2004 839 766 1368 563 922 645 652 578 661 406 876 741 661 704 400 445 461 923 685 690 587 757 435 691 714 641 623 326 530 501 2082 1436 576 440 1542 1493 724 338 403 558 349 592 409 401 1527 3514 18347 
1 46160 2043 2239 1209 1153 1665 1003 2126 1637 3508 1419 2035 1124 895 1434 503 1419 911 914 538 706 364 957 1108 661 394 252 372 294 1502 1006 922 567 806 304 534 1077 708 449 248 398 309 3082 1189 618 363 1346 1052 554 214 251 547 258 455 355 316 1278 2308 16545 
7 35176 1757 1953 1172 1926 1357 839 2086 1534 2019 878 1766 1219 849 887 342 2033 1202 1596 970 795 372 2185 1552 904 1125 434 401 375 1938 1231 1549 990 715 384 952 1521 851 1012 438 395 340 2709 943 787 437 934 967 451 435 390 779 445 1146 388 386 966 3029 21392 
5 33711 1582 2080 1285 2059 1419 1025 1772 1213 1864 924 1444 1044 903 922 373 1791 1059 1444 1188 674 356 2030 1262 814 972 479 356 478 2071 1217 1719 1191 771 424 995 1375 928 1279 512 422 519 2158 1047 707 476 966 850 437 396 549 670 398 1100 415 502 853 3919 23215 
9 33318 1618 2090 1338 1206 1424 1324 1784 1266 2163 1387 1226 1051 1118 1085 453 1908 1206 1541 1157 647 375 2109 1585 1349 1443 474 362 395 2499 1615 1789 1369 881 350 659 1835 1418 1297 562 420 448 2082 1079 994 537 763 1126 529 686 603 852 534 1070 353 462 691 3034 19665 
10 30865 1396 1849 1332 1302 1493 1459 1909 1437 2825 1612 1205 1246 1318 1558 732 1562 1153 1451 1165 934 474 1332 1317 1362 1290 575 480 429 2106 1416 1802 1424 978 530 684 1680 1640 1348 738 521 466 2816 1770 1125 568 831 1653 799 559 489 948 538 709 471 412 758 2960 18803 
